6677,6676,6344,6952
6376,6676,6334,6946
6376,6677,6333,6965
6374,6671,6347,6952
6381,6679,6330,6964
6378,6682,6344,6961
6376,6681,6347,6964
6377,6685,6335,6949
6380,6678,6334,6966
6373,6671,6343,6962
6369,6685,6338,6954
6385,6679,6334,6952
6379,6669,6339,6943
6355,6667,6325,6920
6348,6666,6344,6947
6367,6671,6330,6943
6355,6670,6319,6930
6342,6652,6304,6917
6304,6611,6270,6874
6269,6582,6236,6845
6228,6526,6210,6787
6212,6480,6181,6755
6205,6475,6177,6739
6185,6463,6165,6690
6176,6457,6165,6721
6179,6479,6122,6669
6158,6455,6102,6667
6157,6461,6095,6678
6162,6468,6106,6665
6160,6455,6101,6676
6170,6459,6105,6670
6172,6458,6111,6672
6163,6453,6108,6674
6156,6466,6107,6709
6176,6541,6207,6820
6231,6567,6217,6831
6269,6601,6270,6901
6278,6583,6275,6903
6280,6583,6254,6877
6213,6458,6074,6702
6140,6403,6070,6687
6138,6411,6065,6672
6122,6391,6059,6672
6119,6388,6058,6649
6116,6385,6051,6650
6114,6381,6042,6660
6103,6388,6046,6668
6113,6391,6042,6658
6109,6375,6038,6658
6110,6378,6039,6660
6107,6407,6109,6821
6236,6549,6231,6819
6208,6447,6182,6781
6185,6424,6175,6778
6178,6416,6169,6777
6179,6409,6170,6765
6180,6401,6161,6764
6182,6469,6214,6853
6142,6450,6086,6732
6119,6426,6079,6733
6101,6418,6077,6740
6110,6418,6073,6730
6109,6425,6098,6760
6182,6549,6243,6883
6247,6550,6240,6867
6254,6573,6241,6855
6210,6435,6188,6800
6195,6434,6193,6795
6204,6432,6187,6789
6191,6435,6192,6801
6216,6507,6225,6861
6239,6532,6203,6789
6212,6443,6181,6757
6209,6442,6180,6746
6203,6414,6164,6715
6184,6395,6161,6692
6179,6388,6150,6683
6186,6405,6181,6815
6235,6532,6204,6737
6204,6458,6172,6747
6198,6456,6165,6739
6216,6476,6168,6731
6203,6452,6161,6703
6206,6456,6163,6748
6216,6482,6172,6753
6218,6494,6185,6778
6218,6471,6167,6725
6193,6438,6156,6699
6197,6437,6148,6709
6196,6448,6155,6698
6196,6443,6154,6713
6190,6449,6160,6719
6205,6461,6165,6736
6214,6464,6172,6756
6217,6480,6172,6769
6226,6485,6185,6754
6217,6469,6187,6757
6216,6450,6175,6718
6204,6447,6161,6722
6200,6446,6161,6707
6199,6435,6156,6703
6200,6439,6162,6702
6203,6436,6154,6716
6192,6471,6187,6754
6210,6457,6176,6742
6201,6453,6168,6714
6202,6448,6161,6715
6198,6428,6163,6709
6194,6429,6158,6706
6198,6435,6162,6734
6224,6510,6218,6848
6252,6539,6233,6861
6256,6558,6215,6849
6236,6530,6237,6861
6227,6506,6217,6836
6225,6487,6210,6826
6217,6471,6205,6807
6222,6458,6207,6798
6204,6446,6191,6793
6195,6436,6184,6786
6205,6427,6182,6781
6190,6417,6168,6770
6183,6428,6203,6815
6213,6537,6245,6880
6266,6586,6225,6865
6231,6561,6189,6862
6219,6563,6140,6826
6175,6529,6078,6812
6160,6526,6061,6798
6155,6501,6054,6787
6138,6506,6060,6802
6164,6526,6200,6848
6240,6548,6183,6760
6182,6445,6111,6697
6164,6429,6093,6693
6156,6424,6098,6683
6157,6430,6082,6687
6157,6444,6109,6804
6243,6568,6250,6890
6278,6602,6264,6921
6310,6633,6308,6949
6356,6670,6331,6962
6374,6670,6315,6934
6370,6675,6336,6961
6375,6676,6338,6965
6369,6670,6326,6944
6364,6676,6332,6957
6367,6657,6331,6952
6375,6676,6340,6953
6378,6673,6339,6959
6372,6681,6329,6958
6377,6678,6334,6961
6384,6667,6329,6948
6374,6670,6328,6958
6373,6680,6332,6950
6375,6665,6338,6964
6382,6694,6336,6966
6381,6670,6334,6952
6374,6666,6342,6965
6379,6671,6336,6954
6375,6667,6315,6947
6354,6676,6341,6957
6377,6682,6339,6949
6381,6675,6334,6963
6372,6676,6334,6972
6377,6679,6331,6968
6379,6683,6339,6961
6384,6680,6345,6957
6369,6675,6337,6958
6380,6674,6344,6955
6374,6680,6346,6962
6383,6692,6342,6959
6382,6679,6333,6967
6378,6673,6340,6970
6379,6680,6338,6957
6386,6683,6343,6961
6381,6689,6338,6972
6378,6676,6336,6958
6381,6683,6336,6957
6385,6689,6346,6962
6374,6687,6339,6963
6377,6679,6332,6960
6378,6685,6343,6959
6381,6676,6341,6956
6377,6675,6344,6958
6372,6679,6332,6967
6377,6676,6339,6956
6376,6689,6338,6959
6381,6677,6332,6962
6378,6686,6337,6962
6374,6678,6341,6958
6379,6679,6340,6967
6377,6679,6336,6961
6371,6672,6335,6955
6377,6679,6346,6965
6380,6681,6331,6963
6378,6677,6337,6959
6375,6687,6339,6955
6375,6684,6336,6957
6385,6667,6341,6967
6381,6684,6344,6969
6378,6685,6342,6956
6382,6668,6329,6961
6386,6675,6350,6960
6385,6672,6337,6971
6371,6663,6339,6958
6384,6679,6338,6963
6382,6685,6348,6960
6372,6676,6336,6952
6381,6679,6327,6971
6378,6678,6336,6966
6385,6666,6337,6972
6374,6669,6341,6957
6378,6685,6339,6962
6383,6680,6339,6958
6375,6683,6338,6965
6383,6677,6335,6959
6386,6677,6338,6959
6385,6689,6335,6958
6375,6675,6338,6954
6382,6675,6331,6962
6385,6676,6336,6958
6375,6674,6337,6963
6378,6690,6344,6960
6383,6677,6340,6966
6379,6673,6337,6954
6382,6679,6332,6956
6385,6677,6338,6964
6380,6682,6339,6961
6385,6676,6338,6964
6386,6674,6341,6964
6370,6680,6339,6952
6376,6677,6339,6951
6379,6675,6333,6965
6387,6674,6341,6962
6381,6679,6331,6965
6387,6680,6335,6965
6371,6679,6337,6961
6378,6686,6340,6959
6383,6689,6335,6959
6378,6686,6341,6960
6388,6671,6337,6957
6384,6687,6339,6956
6379,6690,6337,6957
6377,6679,6331,6970
6380,6673,6336,6971
6379,6681,6347,6957
6377,6675,6339,6967
6382,6682,6336,6957
6367,6682,6345,6955
6381,6687,6336,6958
6378,6698,6336,6955
6381,6689,6337,6959
6373,6677,6330,6968
6382,6689,6338,6962
6377,6671,6342,6957
6386,6685,6344,6963
6378,6673,6333,6954
6373,6666,6341,6968
6382,6687,6335,6963
6376,6687,6336,6953
6376,6689,6333,6952
6386,6685,6337,6964
6381,6682,6329,6970
6382,6673,6338,6968
6379,6682,6342,6961
6381,6675,6337,6958
6388,6677,6340,6973
6375,6683,6341,6955
6382,6675,6345,6969
6378,6686,6332,6964
6379,6681,6344,6954
6376,6679,6343,6956
6387,6694,6339,6963
6379,6679,6330,6970
6382,6692,6336,6967
6380,6678,6338,6953
6383,6673,6335,6968
6374,6676,6336,6959
6372,6686,6339,6956
6375,6680,6339,6960
6378,6694,6336,6973
6381,6684,6347,6964
6376,6677,6340,6956
6382,6679,6338,6959
6385,6674,6347,6964
6374,6683,6341,6954
6375,6676,6337,6966
6385,6670,6335,6964
6377,6678,6345,6961
6375,6680,6339,6956
6388,6681,6341,6962
6375,6690,6336,6960
6387,6684,6335,6960
6382,6680,6333,6962
6376,6701,6339,6956
6374,6689,6334,6966
6387,6681,6346,6969
6374,6680,6334,6967
6379,6676,6334,6957
6387,6669,6340,6958
6383,6676,6340,6966
6376,6687,6329,6966
6383,6676,6330,6964
6363,6672,6327,6943
6353,6664,6325,6940
6332,6634,6304,6910
6298,6605,6264,6878
6241,6434,6140,6725
6192,6407,6120,6686
6174,6403,6116,6681
6205,6564,6255,6890
6274,6607,6271,6892
6270,6602,6265,6899
6277,6590,6266,6896
6262,6565,6246,6844
6239,6465,6224,6818
6225,6467,6217,6827
6240,6549,6256,6884
6275,6559,6201,6786
6204,6429,6191,6771
6204,6409,6179,6765
6197,6428,6215,6864
6271,6576,6246,6869
6253,6583,6230,6846
6251,6562,6233,6845
6258,6560,6230,6829
6236,6467,6108,6697
6160,6426,6095,6692
6164,6426,6125,6822
6242,6578,6238,6884
6283,6618,6267,6931
6313,6648,6305,6949
6353,6670,6329,6942
6361,6679,6327,6941
6364,6670,6333,6949
6365,6674,6334,6946
6364,6670,6339,6952
6373,6672,6336,6960
6370,6662,6341,6962
6376,6681,6334,6959
6370,6674,6340,6963
6374,6681,6329,6957
6375,6680,6339,6956
6377,6683,6333,6956
6377,6675,6338,6957
6372,6669,6334,6958
6364,6663,6323,6932
6362,6674,6330,6964
6372,6678,6331,6951
6361,6671,6330,6950
6371,6676,6324,6946
6374,6675,6338,6957
6376,6679,6332,6961
6372,6683,6339,6963
6373,6672,6337,6961
6379,6676,6335,6955
6384,6684,6334,6957
6367,6678,6326,6963
6371,6680,6334,6951
6375,6680,6334,6952
6373,6680,6336,6955
6366,6673,6339,6961
6367,6663,6336,6955
6376,6677,6334,6958
6372,6677,6337,6958
6372,6676,6335,6963
6378,6689,6341,6957
6381,6670,6328,6945
6370,6680,6339,6951
6377,6685,6336,6954
6373,6672,6339,6957
6375,6673,6343,6966
6372,6674,6342,6961
6371,6675,6331,6967
6382,6698,6330,6951
6378,6679,6338,6955
6376,6681,6342,6953
6366,6683,6341,6955
6375,6679,6331,6965
6374,6677,6340,6954
6367,6670,6334,6952
6378,6685,6338,6946
6373,6675,6336,6957
6377,6676,6335,6964
6375,6678,6336,6954
6379,6677,6332,6963
6375,6685,6336,6956
6369,6673,6332,6972
6381,6676,6329,6951
6376,6684,6345,6953
6375,6671,6335,6963
6373,6684,6346,6952
6380,6677,6337,6954
6373,6677,6338,6952
6382,6685,6342,6970
6373,6681,6336,6956
6375,6681,6341,6969
6377,6678,6338,6965
6376,6677,6334,6955
6381,6683,6329,6963
6377,6676,6331,6950
6375,6677,6334,6958
6371,6668,6337,6957
6377,6676,6334,6951
6368,6668,6338,6954
6372,6683,6336,6962
6377,6676,6342,6963
6377,6677,6339,6953
6378,6683,6331,6954
6372,6677,6335,6958
6376,6679,6329,6967
6373,6671,6337,6958
6369,6675,6339,6953
6380,6694,6330,6954
6370,6663,6334,6957
6376,6681,6333,6955
6374,6686,6338,6961
6375,6682,6336,6964
6379,6673,6341,6971
6372,6678,6337,6951
6370,6680,6344,6955
6385,6663,6341,6959
6376,6682,6339,6966
6384,6677,6342,6961
6371,6674,6335,6962
6383,6675,6325,6942
6371,6686,6336,6952
6373,6687,6331,6963
6384,6680,6338,6959
6372,6678,6335,6972
6378,6679,6340,6959
6375,6671,6335,6962
6382,6680,6335,6960
6382,6683,6344,6960
6378,6678,6343,6961
6375,6677,6349,6959
6378,6689,6343,6959
6382,6685,6344,6959
6383,6686,6328,6963
6380,6685,6330,6961
6375,6689,6340,6959
6376,6670,6343,6964
6375,6680,6335,6954
6381,6679,6331,6964
6379,6678,6334,6953
6385,6678,6341,6950
6386,6667,6334,6958
6375,6675,6339,6963
6370,6668,6338,6969
6373,6673,6338,6964
6376,6675,6340,6956
6378,6668,6343,6957
6381,6682,6329,6967
6381,6671,6340,6967
6377,6678,6342,6959
6393,6683,6328,6969
6378,6688,6333,6957
6383,6681,6333,6954
6384,6686,6333,6962
6384,6681,6341,6961
6383,6674,6338,6956
6381,6668,6343,6959
6388,6696,6341,6970
6381,6685,6346,6968
6381,6684,6343,6966
6379,6680,6332,6963
6379,6673,6334,6964
6384,6679,6341,6969
6374,6673,6340,6968
6383,6682,6340,6958
6383,6680,6338,6957
6381,6680,6344,6946
6381,6679,6338,6971
6385,6683,6341,6963
6380,6685,6341,6962
6380,6682,6343,6964
6387,6689,6334,6966
6382,6677,6340,6961
6378,6672,6339,6973
6381,6682,6337,6950
6375,6684,6343,6963
6382,6684,6337,6961
6379,6673,6344,6965
6373,6678,6342,6961
6386,6681,6335,6964
6377,6669,6335,6956
6376,6676,6331,6970
6379,6678,6331,6974
6375,6680,6346,6954
6384,6683,6338,6954
6376,6683,6338,6953
6382,6676,6331,6956
6382,6685,6337,6955
6376,6674,6343,6949
6377,6674,6335,6957
6383,6673,6339,6961
6386,6673,6341,6957
6375,6671,6337,6954
6380,6679,6339,6960
6384,6682,6334,6966
6390,6683,6331,6967
6377,6670,6333,6960
6375,6678,6336,6967
6384,6696,6342,6959
6383,6674,6338,6963
6377,6676,6335,6957
6378,6680,6339,6968
6379,6683,6343,6956
6387,6680,6339,6967
6378,6693,6338,6963
6387,6674,6340,6961
6377,6685,6345,6955
6379,6675,6338,6969
6379,6686,6342,6959
6381,6687,6337,6963
6371,6691,6342,6959
6375,6686,6340,6960
6373,6682,6342,6961
6380,6669,6340,6953
6373,6686,6334,6962
6387,6678,6342,6958
6374,6675,6348,6967
6372,6678,6336,6957
6374,6697,6335,6967
6372,6681,6341,6955
6377,6686,6332,6953
6384,6682,6336,6969
6374,6684,6335,6963
6381,6678,6344,6952
6379,6690,6332,6963
6384,6691,6339,6958
6390,6680,6336,6961
6386,6675,6342,6954
6382,6686,6334,6956
6380,6689,6337,6957
6383,6683,6335,6971
6376,6678,6343,6959
6381,6683,6333,6956
6383,6680,6338,6959
6371,6688,6341,6960
6381,6665,6336,6955
6379,6674,6344,6963
6383,6676,6334,6958
6380,6680,6334,6969
6379,6681,6338,6958
6373,6683,6333,6962
6377,6687,6337,6960
6379,6680,6342,6953
6379,6683,6338,6952
6378,6670,6336,6967
6379,6681,6339,6951
6380,6677,6336,6954
6381,6681,6333,6966
6381,6681,6337,6961
6383,6661,6341,6959
6383,6690,6333,6956
6386,6672,6338,6956
6374,6678,6338,6957
6382,6681,6344,6962
6378,6681,6337,6955
6385,6679,6344,6954
6374,6680,6337,6964
6377,6679,6335,6962
6378,6678,6345,6959
6384,6684,6329,6961
6371,6675,6340,6959
6373,6679,6338,6960
6371,6687,6345,6969
6379,6666,6341,6956
6373,6670,6344,6953
6382,6680,6333,6966
6380,6680,6336,6955
6382,6679,6344,6950
6381,6679,6337,6963
6377,6681,6331,6967
6387,6678,6336,6954
6375,6683,6336,6968
6386,6682,6343,6958
6379,6675,6337,6965
6378,6678,6339,6954
6379,6678,6341,6950
6380,6686,6335,6957
6376,6682,6341,6954
6389,6689,6341,6970
6375,6659,6337,6960
6388,6675,6332,6954
6378,6683,6345,6957
6376,6681,6341,6961
6389,6686,6343,6961
6380,6680,6338,6968
6375,6678,6342,6964
6381,6673,6336,6962
6377,6683,6338,6956
6376,6679,6346,6965
6385,6682,6339,6960
6382,6690,6329,6955
6376,6675,6334,6960
6384,6666,6341,6962
6376,6675,6337,6958
6376,6681,6337,6951
6377,6692,6345,6966
6375,6676,6338,6957
6384,6673,6337,6967
6388,6683,6344,6954
6381,6662,6337,6962
6376,6681,6341,6957
6382,6682,6345,6955
6382,6672,6330,6961
6380,6683,6338,6962
6373,6680,6341,6958
6375,6683,6337,6962
6377,6680,6337,6961
6375,6676,6338,6961
6386,6673,6336,6958
6376,6682,6340,6966
6381,6677,6335,6954
6383,6688,6337,6959
6372,6696,6340,6965
6380,6680,6335,6950
6377,6679,6340,6955
6378,6685,6334,6955
6385,6690,6335,6954
6381,6678,6348,6955
6380,6669,6345,6968
6382,6678,6339,6962
6378,6674,6339,6959
6373,6689,6332,6966
6382,6675,6336,6963
6378,6679,6335,6957
6386,6671,6344,6954
6383,6675,6345,6953
6381,6670,6335,6956
6380,6673,6332,6968
6383,6672,6332,6970
6379,6672,6338,6956
6375,6686,6341,6955
6375,6680,6342,6966
6378,6685,6335,6960
6386,6662,6340,6953
6377,6685,6334,6951
6381,6685,6334,6955
6381,6671,6341,6968
6384,6682,6342,6954
6372,6679,6339,6954
6384,6683,6343,6965
6383,6674,6338,6962
6378,6674,6345,6951
6378,6691,6332,6961
6376,6678,6343,6955
6374,6687,6339,6959
6381,6687,6338,6956
6371,6693,6338,6951
6385,6684,6340,6964
6384,6683,6337,6966
6379,6679,6344,6963
6374,6681,6341,6953
6381,6676,6341,6963
6384,6683,6338,6956
6377,6674,6336,6956
6378,6676,6339,6956
6378,6685,6348,6959
6378,6678,6338,6951
6382,6678,6334,6967
6380,6682,6336,6962
6382,6685,6331,6960
6379,6671,6338,6969
6375,6678,6339,6964
6379,6687,6332,6964
6383,6681,6341,6966
6382,6679,6338,6958
6388,6678,6343,6964
6389,6676,6341,6963
6378,6676,6333,6954
6379,6679,6347,6966
6379,6683,6342,6968
6381,6689,6337,6965
6383,6684,6339,6957
6378,6684,6331,6969
6372,6684,6340,6956
6375,6686,6336,6963
6384,6681,6343,6961
6376,6683,6340,6960
6377,6682,6339,6960
6382,6676,6341,6965
6379,6673,6339,6965
6371,6683,6338,6957
6377,6680,6338,6974
6384,6683,6334,6970
6378,6678,6336,6968
6373,6684,6339,6954
6385,6688,6342,6958
6376,6680,6343,6956
6389,6670,6337,6958
6374,6679,6343,6965
6377,6680,6344,6957
6375,6681,6337,6964
6376,6672,6337,6961
6385,6684,6332,6967
6378,6679,6345,6951
6384,6677,6339,6964
6389,6689,6331,6966
6380,6689,6342,6969
6377,6678,6334,6963
6385,6675,6333,6959
6385,6679,6344,6966
6384,6673,6343,6954
6388,6674,6339,6963
6376,6677,6339,6957
6384,6696,6336,6963
6382,6682,6340,6953
6377,6687,6334,6966
6385,6674,6339,6956
6384,6686,6344,6958
6386,6684,6332,6965
6384,6684,6340,6956
6377,6678,6342,6960
6376,6683,6342,6955
6375,6678,6333,6959
6381,6673,6341,6958
6375,6663,6337,6963
6384,6676,6346,6970
6376,6686,6342,6960
6382,6681,6340,6959
6380,6679,6340,6954
6379,6669,6329,6957
6380,6687,6334,6966
6382,6681,6335,6959
6386,6690,6340,6968
6380,6674,6332,6964
6378,6683,6337,6964
6382,6678,6346,6956
6372,6696,6337,6958
6378,6679,6347,6959
6383,6696,6339,6959
6384,6682,6341,6947
6382,6678,6345,6966
6375,6680,6334,6965
6372,6685,6344,6949
6384,6693,6336,6957
6374,6679,6341,6964
6377,6687,6332,6948
6379,6689,6340,6967
6374,6683,6342,6967
6379,6683,6336,6960
6370,6675,6331,6958
6380,6683,6329,6944
6375,6678,6334,6951
6370,6671,6339,6956
6370,6681,6343,6957
6387,6680,6341,6962
6377,6673,6330,6960
6371,6679,6334,6952
6375,6676,6332,6962
6369,6675,6329,6969
6388,6673,6339,6957
6378,6667,6341,6959
6373,6684,6330,6966
6380,6698,6338,6961
6369,6676,6339,6959
6376,6682,6334,6959
6380,6687,6337,6965
6382,6672,6338,6955
6378,6688,6345,6944
6377,6661,6335,6954
6382,6675,6345,6968
6376,6683,6330,6958
6378,6662,6332,6950
6377,6685,6329,6950
6355,6687,6318,6931
6345,6650,6313,6953
6337,6654,6305,6943
6332,6630,6278,6903
6299,6599,6259,6854
6278,6573,6235,6831
6245,6557,6227,6809
6233,6543,6203,6792
6226,6542,6196,6803
6214,6530,6186,6795
6198,6530,6181,6789
6202,6510,6178,6786
6214,6526,6178,6786
6199,6520,6173,6788
6205,6508,6178,6783
6206,6518,6177,6778
6187,6507,6165,6782
6202,6521,6174,6773
6204,6515,6165,6779
6202,6508,6160,6788
6202,6521,6168,6776
6195,6510,6170,6775
6200,6504,6172,6783
6201,6514,6169,6780
6189,6516,6161,6781
6190,6499,6158,6772
6208,6512,6158,6772
6203,6504,6160,6780
6206,6504,6163,6770
6197,6510,6161,6765
6204,6501,6162,6766
6195,6511,6167,6768
6194,6511,6163,6777
6212,6493,6166,6763
6205,6494,6154,6763
6195,6508,6160,6758
6196,6510,6158,6773
6192,6497,6163,6768
6191,6498,6169,6772
6200,6499,6158,6765
