1527,0
1591,0
1527,0
1399,127
-4,127
-4,127
-4,127
-4,126
-4,126
-4,126
-4,126
-4,125
-4,125
-4,125
-4,125
-4,124
-4,124
-4,124
-4,124
-4,123
-4,123
-4,123
-4,123
-4,122
-4,122
-4,122
-4,122
-4,121
-4,121
-4,121
-4,121
-4,120
-4,120
-4,120
-4,120
-4,119
-4,119
-4,119
-4,119
-4,118
-4,118
-4,118
-4,118
-4,117
-4,117
-4,117
-4,117
-4,116
-4,116
-4,116
-4,116
-4,115
-4,115
-4,115
-4,115
-4,114
-4,114
-4,114
-4,114
-4,113
-4,113
-4,113
-4,113
-4,112
-4,112
-4,112
-4,112
-4,111
-4,111
-4,111
-4,111
-4,110
-4,110
-4,110
-4,110
-4,109
-4,109
-4,109
-4,109
-4,108
-4,108
-4,108
-4,108
-4,107
-4,107
-4,107
-4,107
-4,106
-4,106
-4,106
-4,106
-4,105
-4,105
-4,105
-4,105
-4,104
-4,104
-4,104
-4,104
-4,103
-4,103
-4,103
-4,103
-4,102
-4,102
-4,102
-4,102
-4,101
-4,101
-4,101
-4,101
-4,100
-4,100
-4,100
-4,100
-4,99
-4,99
-4,99
-4,99
-4,98
-4,98
-4,98
-4,98
-4,97
-4,97
-4,97
-4,97
-4,96
-4,96
-4,96
-4,96
-4,95
-4,95
-4,95
-4,95
-4,94
-4,94
-4,94
-4,94
-4,93
-4,93
-4,93
-4,93
-4,92
-4,92
-4,92
-4,92
-4,91
-4,91
-4,91
-4,91
-4,90
-4,90
-4,90
-4,90
-4,89
-4,89
-4,89
-4,89
-4,88
-4,88
-4,88
-4,88
-4,87
-4,87
-4,87
-4,87
-4,86
-4,86
-4,86
-4,86
-4,85
-4,85
-4,85
-4,85
-4,84
-4,84
-4,84
-4,84
-4,83
-4,83
-4,83
-4,83
-4,82
-4,82
-4,82
-4,82
-4,81
-4,81
-4,81
-4,81
-4,80
-4,80
-4,80
-4,80
-4,79
-4,79
-4,79
-4,79
-4,78
-4,78
-4,78
-4,78
-4,77
-4,77
-4,77
-4,77
-4,76
-4,76
-4,76
-4,76
-4,75
-4,75
-4,75
-4,75
-4,74
-4,74
-4,74
-4,74
-4,73
-4,73
-4,73
-4,73
-4,72
-4,72
-4,72
-4,72
-4,71
-4,71
-4,71
-4,71
-4,70
-4,70
-4,70
-4,70
-4,69
-4,69
-4,69
-4,69
-4,68
-4,68
-4,68
-4,68
-4,67
-4,67
-4,67
-4,67
-4,66
-4,66
-4,66
-4,66
-4,65
-4,65
-4,65
-4,65
-4,64
-4,64
-4,64
-4,64
-4,63
-4,63
-4,63
-4,63
-4,62
-4,62
-4,62
-4,62
-4,61
-4,61
-4,61
-4,61
-4,60
-4,60
-4,60
-4,60
-4,59
-4,59
-4,59
-4,59
-4,58
-4,58
-4,58
-4,58
-4,57
-4,57
-4,57
-4,57
-4,56
-4,56
-4,56
-4,56
-4,55
-4,55
-4,55
-4,55
-4,54
-4,54
-4,54
-4,54
-4,53
-4,53
-4,53
-4,53
-4,52
-4,52
-4,52
-4,52
-4,51
-4,51
-4,51
-4,51
-4,50
-4,50
-4,50
-4,50
-4,49
1628,49
1724,49
2428,49
2716,48
6300,48
6716,48
7036,48
7100,48
7676,48
7804,48
7996,48
8028,49
4028,49
4156,49
4316,49
4444,49
4188,49
4444,49
4252,49
4380,49
4252,49
4380,49
4412,49
4444,49
4444,49
4380,49
4316,49
4284,49
4284,49
4348,49
4380,49
4572,49
4540,49
4540,49
4572,49
4572,49
4668,49
4572,49
4572,49
4604,49
4732,49
4828,49
4860,49
4860,49
4892,49
4796,49
4924,49
5052,49
4892,49
5020,49
4860,49
5084,49
5180,49
5308,49
5276,49
5276,49
5180,49
5148,49
5244,49
5308,49
5244,49
5276,49
5340,49
5372,49
5244,49
5244,49
5276,49
5244,49
5276,49
5084,49
5148,49
5180,49
5180,49
5212,49
5084,49
5148,49
5244,49
5276,49
5180,49
5180,49
5244,49
5212,49
5308,49
5372,49
5404,49
5308,49
5276,49
5308,49
5148,49
5212,49
5212,49
5244,49
5308,49
5436,49
4476,49
5308,49
4956,49
4828,49
4604,49
4508,49
4572,49
4380,49
4316,49
4156,49
4220,49
4252,49
4188,49
4060,49
4156,49
3932,49
4092,49
3964,48
7548,48
7452,48
7420,48
7516,49
3836,49
3996,49
3580,49
1340,48
6332,48
6172,48
5980,48
6076,48
6300,48
6268,48
6332,48
6364,48
6268,48
6268,48
6236,48
6268,48
5020,48
3548,48
4540,48
3388,48
3228,48
4060,47
4861,47
3325,47
3037,47
4733,47
4541,47
3389,47
3677,46
5821,46
8157,46
5277,46
5021,46
4381,46
7933,46
7869,46
7933,47
5053,47
6045,47
5117,47
2941,47
3037,47
6109,47
6909,47
3133,47
2237,46
5213,46
4445,46
4253,46
4637,46
7101,46
5245,46
5021,46
6461,46
5213,46
5725,46
5021,46
2877,46
2301,46
3069,46
3165,45
2398,45
2942,45
1150,45
1790,44
3358,44
1502,44
2558,44
2974,43
6527,43
6559,43
6559,43
6463,43
6431,43
7007,43
8031,43
7231,43
7391,43
7903,44
3198,44
6654,44
7582,44
4894,44
7006,44
3646,44
2878,43
7167,43
4863,43
2527,43
351,43
287,42
6751,42
2591,42
8127,42
6943,42
6975,42
5567,42
4063,42
2687,41
1887,41
991,41
1087,41
2687,40
6144,40
6048,40
6208,40
6432,40
6400,40
6400,40
6560,40
6560,40
6528,40
6560,40
6240,40
5856,40
6656,40
6848,40
6752,40
6944,40
7008,40
6976,40
6976,40
6816,40
6912,40
7264,40
7072,40
6752,40
6656,40
6592,40
6624,40
6816,40
6848,40
6688,40
6656,40
6912,40
6816,40
7168,40
0,40
7168,41
4735,41
4159,41
4447,41
4447,41
4383,41
4607,41
4607,41
4799,41
4863,41
4351,41
3743,41
3871,41
4863,41
4831,41
4991,41
5247,41
5599,41
6079,41
5919,41
5919,41
6015,41
5791,41
5407,41
5119,41
5663,41
5471,41
5855,41
5599,41
5567,41
5535,41
5631,41
6975,41
7807,41
8031,42
1631,42
95,42
703,42
959,41
128,41
160,41
1152,41
992,40
5376,40
5504,40
5376,40
5344,40
5248,40
4992,40
4576,40
4576,40
4512,40
4512,40
4288,40
4736,40
4832,40
4768,40
4960,40
4800,40
4800,40
4832,40
4928,40
4704,40
4576,40
4192,40
3840,40
2656,40
2432,40
3296,39
5377,39
6849,39
7489,39
7905,39
7745,39
7425,40
5792,40
5696,40
3840,40
1600,40
1472,40
608,39
1857,39
2465,39
2337,39
2401,38
5825,38
6113,38
6529,38
6497,38
6337,38
6273,38
5921,38
5249,38
4961,38
3809,38
3361,38
3457,38
3233,37
2914,37
2818,37
2850,37
2882,36
6243,36
6179,36
5027,36
5027,36
5123,36
5347,36
5539,36
5571,36
5667,36
5731,36
5763,36
5571,36
5699,36
5667,36
5699,36
5731,36
5603,36
5539,36
5635,36
5667,36
5603,36
5859,36
5763,36
5603,36
5635,36
5539,36
5699,36
5635,36
5635,36
5763,36
5667,36
5699,36
5603,36
5699,36
5763,36
5635,36
5251,36
5315,36
5219,36
5027,36
5187,36
5283,36
5315,36
5379,36
5411,36
5283,36
5443,36
5571,36
5347,36
5027,36
4867,36
5059,36
5155,36
5155,36
5379,36
5091,36
4867,36
4963,36
5059,36
5059,36
5155,36
5219,36
5411,36
5347,36
5187,36
5507,36
5539,36
5571,36
5635,36
5411,36
6083,36
6211,36
6019,36
5539,36
5699,36
5347,36
5347,36
5027,36
4867,36
4899,36
4963,36
4899,36
4835,36
4867,36
5155,36
4963,36
4931,36
4867,36
4899,36
4771,36
4867,36
5027,36
4899,36
4835,36
4931,36
5059,36
4931,36
4995,36
5059,36
4995,36
5091,36
4995,36
5059,36
5059,36
5123,36
5091,36
5027,36
5123,36
5251,36
5283,36
5251,36
5283,36
5091,36
5219,36
5219,36
5155,36
4963,36
4963,36
4963,36
5059,36
5283,36
5283,36
5027,36
5059,36
4803,36
4003,36
3363,36
7106,36
482,36
1986,35
7427,35
7235,35
7267,35
7171,36
5058,36
4706,36
4482,36
4290,36
4866,36
4898,36
4866,36
4706,36
4354,36
3970,36
4098,36
4258,36
4130,36
4482,36
4674,36
4098,36
4866,36
4834,36
4834,36
4738,36
4866,36
4770,36
4930,36
5346,36
5122,36
5122,36
5058,36
4802,36
4674,36
4834,36
4962,36
5058,36
5282,36
5378,36
5602,36
5538,36
5794,36
5698,36
5698,36
5826,36
5634,36
5602,36
5570,36
5538,36
5666,36
5762,36
5922,36
5858,36
6082,36
5826,36
5794,36
5666,36
5730,36
5826,36
5730,36
5442,36
5474,36
5698,36
6050,36
5794,36
5890,36
5890,36
5954,36
5698,36
5986,36
5826,36
5794,36
5986,36
6082,36
5762,36
5506,36
5538,36
5634,36
5762,36
5666,36
5378,36
5442,36
5634,36
5666,36
5602,36
5474,36
5506,36
5794,36
5922,36
7042,36
771,36
5699,36
7683,36
835,35
4707,35
4003,35
2947,35
2435,35
2435,34
6276,34
6820,34
7204,34
7780,34
8164,34
676,33
804,33
100,33
100,33
8036,34
7044,34
6980,34
7364,34
7972,34
7940,34
7300,35
3235,35
2147,35
1155,35
3683,34
4612,34
3556,34
2276,34
740,34
5891,34
6435,34
6531,34
3971,33
3588,33
3172,33
2500,33
2404,32
6053,32
5637,32
5701,32
5573,32
5541,32
4997,32
4805,32
4805,32
4869,32
4933,32
4709,32
4581,32
4581,32
4421,32
3621,32
3429,32
3493,32
3717,31
773,31
261,31
133,31
5,30
3718,30
3334,30
3238,30
3110,29
7750,29
7430,29
7558,29
7174,30
2214,30
2054,30
1158,30
1670,29
6630,29
6534,29
6374,29
6406,29
6246,29
5990,29
6182,29
6246,29
6374,29
6246,29
6054,29
5862,29
5510,29
5382,29
5126,29
5286,29
5222,29
4966,29
4774,29
4614,29
4646,29
4806,29
4550,29
4710,29
4710,29
4646,29
4582,29
4550,29
4550,29
4582,29
4582,29
5222,29
5158,29
5190,29
4998,29
4870,29
4902,29
4934,29
4806,29
4774,29
4582,29
4614,29
4614,29
4678,29
4710,29
4550,29
4646,29
4518,29
4454,29
4614,29
4678,29
4550,29
4486,29
4582,29
4550,29
4582,29
4454,29
4358,29
4646,29
4358,29
4262,29
4294,29
4262,29
4294,29
4262,29
4166,29
4102,29
4006,29
4134,29
4230,29
4390,29
4326,29
4326,29
4326,29
4358,29
4422,29
4422,29
4390,29
4134,29
4134,29
4134,29
4166,29
4102,29
4134,29
4326,29
4326,29
4294,29
4326,29
4422,29
4294,29
3782,29
3174,29
2822,28
5543,28
4647,28
3911,28
4007,28
4135,28
3975,28
4007,27
3335,27
3335,27
3207,27
3207,26
6664,26
6568,26
6376,26
5832,26
6184,26
6472,26
6184,26
6536,26
6984,26
8136,26
4360,26
8040,26
488,26
3784,25
6728,25
7848,25
8104,25
457,25
777,24
713,24
7785,24
7081,24
6665,24
6217,24
6377,24
7625,24
8041,25
3817,25
3465,25
3913,25
4073,24
8169,24
8169,24
8073,24
265,23
6346,23
6538,23
6890,23
7082,23
7562,23
7498,23
7562,23
7594,24
905,24
1289,24
1449,24
1545,23
298,23
458,23
586,23
362,22
3690,22
3754,22
3786,22
3626,21
683,21
971,21
1035,21
1003,20
4587,20
4491,20
4715,20
4747,20
4779,20
4747,20
4779,20
4779,20
4971,20
5099,20
5099,20
4875,20
4811,20
4971,20
5035,20
5099,20
5035,20
4843,20
4715,20
4811,20
4875,20
4875,20
4939,20
4971,20
5003,20
5195,20
5259,20
5195,20
5227,20
5323,20
5291,20
5163,20
5195,20
5291,20
5355,20
5227,20
5323,20
5323,20
5451,20
5419,20
5419,20
5451,20
5419,20
5547,20
5483,20
5579,20
5643,20
5739,20
5835,20
5931,20
5931,20
6059,20
6155,20
6187,20
6187,20
6219,20
6283,20
6411,20
6507,20
6571,20
6603,20
6443,20
6539,20
6443,20
6379,20
6443,20
5611,20
5739,20
5707,20
5803,20
5835,20
5643,20
6091,20
6155,20
6283,20
6347,20
6123,20
6379,20
6507,20
6411,20
6475,20
6635,20
6507,20
6603,20
6731,20
6731,20
6699,20
6955,20
7115,20
7147,20
7147,20
7051,20
6827,20
6827,20
6859,20
7019,20
7051,20
7019,20
6923,20
6795,20
6955,20
6859,20
6923,20
7051,20
7083,20
6987,20
7083,20
7243,20
7211,20
7307,20
7243,21
3883,21
3787,21
3755,21
3755,20
7179,20
7403,20
7275,20
7371,21
3851,21
3787,21
3755,21
3755,20
7339,20
7307,20
7307,20
7499,21
4139,21
4267,21
4555,21
4715,21
4683,21
4843,21
5067,21
5259,21
5227,21
5227,21
5419,21
5291,21
5227,21
5195,21
5259,21
5291,21
5323,21
5291,21
5451,21
5387,21
5387,21
5355,21
5387,21
5355,21
5419,21
5547,21
5579,21
5611,21
5579,21
5643,21
5611,21
5739,21
5867,21
5899,21
6091,21
6155,21
6091,21
6027,21
5899,21
6059,21
6187,21
6155,21
6315,21
6379,21
6411,21
6443,21
6475,21
6443,21
6411,21
6411,21
6539,21
6635,21
6603,21
6667,21
6571,21
6507,21
6507,21
6603,21
6699,21
6603,21
6795,21
6731,21
6699,21
6699,21
6859,21
6795,21
6827,21
6795,21
6731,21
6795,21
6667,21
6731,21
6699,21
6699,21
6731,21
6795,21
6859,21
6923,21
7019,21
7179,21
7051,21
7083,21
7019,21
6923,21
6859,21
6891,21
6923,21
7051,21
7083,21
7051,21
6955,21
7051,21
7051,21
7051,21
7051,21
7083,21
6891,21
6955,21
6987,21
7083,21
7115,21
6955,21
6923,21
7051,21
7019,21
7083,21
7019,21
7275,21
7467,21
7563,22
3626,22
3434,22
3722,22
4010,21
1771,21
5387,21
6891,21
7723,21
491,21
3307,20
7052,20
7532,20
7564,20
8172,20
204,19
4652,19
4748,19
4684,19
4716,19
4780,19
4652,19
4556,19
4812,19
4748,19
4876,19
4844,19
4620,19
4716,19
4748,19
4844,19
5260,19
5292,19
5324,19
5228,19
5356,19
5324,19
5452,19
5548,19
5484,19
5228,19
5228,19
5292,19
5292,19
5388,19
5324,19
5356,19
5420,19
5292,19
5132,19
5164,19
5292,19
5196,19
5228,19
5260,19
5228,19
5228,19
5260,19
5164,19
5164,19
5132,19
5228,19
5388,19
5516,19
5420,19
5580,19
5420,19
5580,19
5516,19
5452,19
5516,19
5548,19
5644,19
5484,19
5484,19
5260,19
5292,19
5324,19
5356,19
5388,19
5452,19
5420,19
5452,19
5484,19
5484,19
5452,19
5580,19
5516,19
5580,19
5420,19
5420,19
5356,19
5452,19
5324,19
5484,19
5548,19
5484,19
5452,19
5484,19
5484,19
5356,19
5292,19
5324,19
5388,19
5420,19
5548,19
5516,19
5548,19
5516,19
5580,19
5484,19
5580,19
5612,19
5580,19
5740,19
5740,19
5612,19
5740,19
5708,19
5676,19
5676,19
5612,19
5836,19
5804,19
5676,19
5676,19
5804,19
5708,19
5708,19
5708,19
5708,19
5868,19
5804,19
5804,19
5836,19
5772,19
5644,19
5740,19
5580,19
5676,19
5740,19
5484,19
5644,19
5644,19
5612,19
5580,19
5548,19
5516,19
5548,19
5548,19
5452,19
5516,19
5580,19
5548,19
5516,19
5516,19
5420,19
5420,19
5612,19
5772,19
5836,19
5996,19
5900,19
5996,19
5964,19
5804,19
5900,19
5964,19
6028,19
6124,19
5932,19
6092,19
5836,19
5900,19
5836,19
6156,19
6028,19
5644,19
5612,19
5804,19
6028,19
6028,19
5996,19
5964,19
5708,19
5772,19
5644,19
5548,19
5644,19
5644,19
5708,19
5612,19
5772,19
5548,19
5708,19
5868,19
5804,19
5772,19
5804,19
5804,19
5836,19
5868,19
5772,19
5900,19
5644,19
5804,19
5708,19
5708,19
5772,19
5676,19
5644,19
5740,19
5772,19
5804,19
5708,19
5644,19
5708,19
5740,19
5804,19
5804,19
5708,19
5676,19
5772,19
5644,19
5612,19
5644,19
5772,19
5708,19
5548,19
5612,19
5548,19
5516,19
5580,19
5484,19
5452,19
5420,19
5324,19
5324,19
5484,19
5612,19
5484,19
5420,19
5324,19
5420,19
5484,19
5292,19
5324,19
5420,19
5452,19
5388,19
5516,19
5420,19
5484,19
5388,19
5452,19
5580,19
5612,19
5548,19
5516,19
5612,19
5708,19
5676,19
5484,19
5740,19
5676,19
5612,19
5740,19
5804,19
5708,19
5644,19
5452,19
5612,19
5676,19
5708,19
5644,19
5612,19
5708,19
5804,19
5804,19
5836,19
5676,19
5676,19
5676,19
5644,19
5580,19
5580,19
5452,19
5516,19
5676,19
5740,19
5676,19
5740,19
5676,19
5676,19
5868,19
5868,19
5868,19
5900,19
5964,19
5900,19
5804,19
5932,19
5900,19
5804,19
6028,19
5836,19
5868,19
5996,19
5964,19
6028,19
6028,19
5900,19
5804,19
6060,19
6124,19
6028,19
5932,19
5836,19
5932,19
5900,19
5996,19
5932,19
6060,19
5900,19
5900,19
5836,19
5804,19
5708,19
5644,19
5676,19
5964,19
5772,19
5836,19
5836,19
5836,19
5868,19
5708,19
5644,19
5580,19
5868,19
5708,19
5900,19
5804,19
5740,19
5836,19
5804,19
5772,19
5964,19
5900,19
5772,19
5804,19
5900,19
5932,19
5932,19
5868,19
5836,19
5964,19
5900,19
5804,19
5804,19
5644,19
5804,19
5708,19
5740,19
5708,19
5740,19
5644,19
5516,19
5580,19
5548,19
5516,19
5516,19
5420,19
5452,19
5484,19
5612,19
5452,19
5420,19
5356,19
5388,19
5580,19
5740,19
5772,19
5644,19
5836,19
5836,19
5804,19
5932,19
5708,19
5932,19
5900,19
5772,19
5900,19
5868,19
5836,19
5772,19
5772,19
5868,19
5868,19
5484,19
5580,19
5708,19
5612,19
5676,19
5772,19
5548,19
5516,19
5612,19
5644,19
5644,19
5452,19
5644,19
5676,19
5388,19
5708,19
5484,19
5676,19
5644,19
5708,19
5708,19
5708,19
5676,19
5580,19
5644,19
5548,19
5580,19
5612,19
5548,19
5548,19
5580,19
5644,19
5580,19
5676,19
5644,19
5548,19
5516,19
5420,19
5388,19
5548,19
5548,19
5644,19
5548,19
5484,19
5548,19
5548,19
5484,19
5580,19
5580,19
5548,19
5708,19
5708,19
5548,19
5484,19
5516,19
5420,19
5516,19
5580,19
5580,19
5580,19
5548,19
5484,19
5580,19
5676,19
5868,19
5996,19
5932,19
5836,19
5932,19
5932,19
5868,19
5996,19
5996,19
5868,19
5932,19
5740,19
5772,19
5900,19
5676,19
5708,19
5868,19
5868,19
5804,19
5740,19
5804,19
5708,19
5516,19
5708,19
5740,19
5900,19
5996,19
5932,19
6220,19
6252,19
6156,19
6156,19
6252,19
6092,19
6092,19
6028,19
6060,19
5964,19
5868,19
5804,19
5900,19
5708,19
5836,19
5740,19
5612,19
5676,19
5676,19
5740,19
5772,19
5804,19
5676,19
5804,19
5900,19
5836,19
6060,19
6092,19
5932,19
5868,19
5900,19
5996,19
5996,19
6060,19
6284,19
6188,19
6156,19
6188,19
6252,19
6124,19
6124,19
6028,19
6060,19
6124,19
6060,19
5996,19
5932,19
5932,19
5964,19
6092,19
6060,19
6028,19
5996,19
6092,19
6124,19
6188,19
6092,19
6156,19
6124,19
6124,19
6092,19
6060,19
6060,19
6092,19
6124,19
6028,19
6028,19
6092,19
6028,19
6028,19
5964,19
5964,19
5900,19
5964,19
6028,19
5900,19
5996,19
5996,19
6028,19
6028,19
5964,19
6028,19
6092,19
6092,19
5996,19
6124,19
6060,19
6028,19
6092,19
6060,19
6124,19
6124,19
6124,19
6124,19
6092,19
6028,19
6060,19
6124,19
6060,19
6028,19
5996,19
5996,19
6092,19
5964,19
6028,19
6188,19
6124,19
6124,19
6156,19
6060,19
6124,19
6188,19
6188,19
6092,19
6092,19
6124,19
6028,19
6060,19
5964,19
6028,19
6124,19
5932,19
6124,19
6124,19
6060,19
6156,19
6060,19
6028,19
6060,19
6156,19
6156,19
6220,19
6092,19
6156,19
5996,19
5964,19
5900,19
6028,19
5964,19
5932,19
6060,19
5996,19
5868,19
5932,19
5900,19
5996,19
6092,19
5996,19
5932,19
5996,19
6028,19
5964,19
5996,19
6060,19
5900,19
5836,19
6028,19
5964,19
5932,19
5964,19
6028,19
5932,19
5964,19
5900,19
5836,19
5996,19
5932,19
5964,19
5996,19
5996,19
5964,19
6028,19
6092,19
6092,19
5996,19
5900,19
5964,19
5996,19
6156,19
5932,19
6060,19
5964,19
6060,19
5900,19
6060,19
6060,19
6028,19
6028,19
6028,19
6060,19
6028,19
6028,19
6028,19
5996,19
5964,19
5964,19
6060,19
6092,19
6092,19
5868,19
6060,19
6124,19
5996,19
6060,19
5932,19
5932,19
5932,19
5964,19
5964,19
6028,19
6060,19
5996,19
6124,19
6092,19
6060,19
6028,19
6028,19
6060,19
5996,19
5900,19
5932,19
6092,19
6028,19
5900,19
5964,19
6092,19
5932,19
5836,19
5964,19
5996,19
5996,19
5932,19
5900,19
5900,19
6028,19
5964,19
6028,19
6092,19
5964,19
5964,19
6092,19
6028,19
5996,19
6028,19
5996,19
6060,19
5964,19
6060,19
5964,19
5996,19
6092,19
6028,19
5964,19
6028,19
5932,19
5868,19
5996,19
5996,19
5772,19
6060,19
5964,19
5868,19
5868,19
5964,19
5868,19
5900,19
5868,19
5964,19
6028,19
6060,19
6060,19
5964,19
5932,19
6124,19
5804,19
5900,19
5996,19
5868,19
5964,19
5932,19
5964,19
5996,19
5996,19
5932,19
6092,19
5868,19
5964,19
5964,19
5964,19
6060,19
6060,19
6188,19
6028,19
6060,19
6060,19
6092,19
6060,19
6060,19
6092,19
6060,19
6092,19
6124,19
6092,19
6060,19
6124,19
6092,19
5964,19
5932,19
5964,19
5932,19
5996,19
6092,19
6220,19
5964,19
6092,19
6124,19
6124,19
6124,19
6060,19
6156,19
6156,19
6092,19
6156,19
6156,19
6220,19
6092,19
6252,19
6124,19
6124,19
6220,19
6220,19
6220,19
6380,19
6412,19
6380,19
6348,19
6188,19
6188,19
6124,19
6156,19
6092,19
6124,19
6188,19
6316,19
6092,19
6092,19
6060,19
6060,19
6124,19
6220,19
6156,19
6220,19
6252,19
6188,19
6220,19
6188,19
6156,19
6124,19
6124,19
6060,19
6124,19
6060,19
6092,19
6124,19
6092,19
6060,19
6092,19
6188,19
6124,19
6124,19
6124,19
6060,19
6156,19
6156,19
6092,19
6028,19
6060,19
6092,19
6092,19
6092,19
6060,19
6092,19
6060,19
6092,19
6156,19
6188,19
6124,19
6252,19
6188,19
6220,19
6220,19
6220,19
6188,19
5996,19
6220,19
6252,19
6316,19
6188,19
6188,19
6124,19
6220,19
6316,19
6348,19
6316,19
6412,19
6316,19
6252,19
6220,19
6188,19
6252,19
6188,19
6220,19
6156,19
6092,19
6316,19
6284,19
6188,19
6316,19
6092,19
6220,19
6156,19
6252,19
6284,19
6124,19
6124,19
6156,19
6220,19
6188,19
6156,19
6156,19
6220,19
6252,19
6188,19
6316,19
6380,19
6284,19
6284,19
6284,19
6284,19
6284,19
6284,19
6348,19
6220,19
6188,19
6284,19
6284,19
6284,19
6348,19
6316,19
6316,19
6284,19
6444,19
6476,19
6444,19
6348,19
6412,19
6476,19
6412,19
6348,19
6412,19
6508,19
6604,19
6668,19
6604,19
6572,19
6444,19
6476,19
6572,19
6572,19
6508,19
6540,19
6476,19
6444,19
6444,19
6476,19
6508,19
6508,19
6444,19
6540,19
6636,19
6540,19
6668,19
6540,19
6476,19
6540,19
6476,19
6412,19
6444,19
6348,19
6348,19
6348,19
6252,19
6284,19
6252,19
6252,19
6316,19
6476,19
6380,19
6380,19
6412,19
6444,19
6380,19
6412,19
6380,19
6380,19
6348,19
6284,19
6348,19
6316,19
6220,19
6348,19
6348,19
6508,19
6380,19
6348,19
6348,19
6284,19
6252,19
6316,19
6252,19
6316,19
6252,19
6476,19
6380,19
6476,19
6508,19
6380,19
6380,19
6444,19
6540,19
6572,19
6444,19
6508,19
6476,19
6444,19
6444,19
6572,19
6540,19
6444,19
6508,19
6380,19
6380,19
6316,19
6412,19
6348,19
6508,19
6444,19
6476,19
6380,19
6540,19
6508,19
6444,19
6348,19
6444,19
6444,19
6380,19
6220,19
6380,19
6188,19
6316,19
6348,19
6348,19
6220,19
6252,19
6252,19
6444,19
6348,19
6316,19
6252,19
6348,19
6540,19
6284,19
6412,19
6476,19
6380,19
6444,19
6476,19
6412,19
6284,19
6284,19
6220,19
6252,19
6284,19
6412,19
6348,19
6380,19
6476,19
6572,19
6540,19
6508,19
6476,19
6476,19
6476,19
6348,19
6316,19
6284,19
6380,19
6252,19
6252,19
6380,19
6220,19
6220,19
6348,19
6508,19
6540,19
6380,19
6572,19
6508,19
6572,19
6476,19
6476,19
6508,19
6540,19
6668,19
6668,19
6636,19
6572,19
6636,19
6668,19
6508,19
6572,19
6732,19
6572,19
6508,19
6412,19
6476,19
6508,19
6444,19
6508,19
6444,19
6444,19
6572,19
6508,19
6508,19
6412,19
6604,19
6540,19
6572,19
6540,19
6316,19
6508,19
6476,19
6476,19
6476,19
6604,19
6540,19
6476,19
6444,19
6412,19
6412,19
6476,19
6380,19
6444,19
6380,19
6444,19
6604,19
6508,19
6540,19
6444,19
6636,19
6604,19
6572,19
6604,19
6572,19
6636,19
6572,19
6444,19
6316,19
6508,19
6700,19
6540,19
6508,19
6540,19
6508,19
6540,19
6604,19
6668,19
6668,19
6668,19
6572,19
6540,19
6700,19
6700,19
6572,19
6636,19
6636,19
6540,19
6604,19
6732,19
6572,19
6508,19
6508,19
6572,19
6476,19
6476,19
6316,19
6316,19
6348,19
6348,19
6316,19
6476,19
6380,19
6348,19
6412,19
6444,19
6444,19
6412,19
6412,19
6444,19
6508,19
6540,19
6572,19
6572,19
6604,19
6508,19
6476,19
6476,19
6508,19
6604,19
6508,19
6636,19
6572,19
6572,19
6476,19
6572,19
6540,19
6508,19
6476,19
6540,19
6572,19
6636,19
6604,19
6636,19
6572,19
6508,19
6412,19
6572,19
6540,19
6572,19
6540,19
6572,19
6572,19
6476,19
6572,19
6636,19
6604,19
6444,19
6540,19
6476,19
6540,19
6444,19
6444,19
6508,19
6604,19
6604,19
6636,19
6604,19
6572,19
6572,19
6476,19
6668,19
6764,19
6604,19
6572,19
6540,19
6412,19
6348,19
6380,19
6348,19
6444,19
6444,19
6476,19
6508,19
6348,19
6380,19
6284,19
6380,19
6348,19
6508,19
6412,19
6476,19
6412,19
6540,19
6540,19
6508,19
6476,19
6412,19
6284,19
6188,19
6316,19
6412,19
6668,19
6572,19
6412,19
6348,19
6380,19
6444,19
6476,19
6444,19
6444,19
6476,19
6444,19
6348,19
6284,19
6380,19
6316,19
6476,19
6476,19
6444,19
6252,19
6476,19
6156,19
6316,19
6028,19
6188,19
6316,19
6316,19
6604,19
6604,19
6668,19
6572,19
6700,19
6444,19
6348,19
6316,19
6348,19
6156,19
6348,19
6284,19
6412,19
6252,19
6252,19
6412,19
6220,19
6124,19
6188,19
6380,19
6316,19
6156,19
6156,19
6188,19
6188,19
6028,19
6060,19
6220,19
6316,19
6220,19
6156,19
5932,19
5900,19
5644,19
5836,19
5772,19
5868,19
6028,19
6092,19
6252,19
6316,19
6220,19
6124,19
6380,19
6284,19
6156,19
6220,19
6188,19
6220,19
6316,19
6316,19
6156,19
6380,19
6348,19
6156,19
6316,19
6188,19
5900,19
5996,19
6092,19
5996,19
6124,19
6124,19
6028,19
5996,19
5996,19
5804,19
5516,19
5292,19
5420,19
5388,19
5420,19
5484,19
5388,19
5228,19
5164,19
5196,19
5292,19
5196,19
5036,19
4876,19
5132,19
5164,19
5228,19
5228,19
5068,19
5036,19
5068,19
5068,19
5068,19
5004,19
5068,19
5004,19
5036,19
5260,19
5292,19
5164,19
5356,19
5420,19
5260,19
5484,19
5516,19
5580,19
5996,19
6092,19
6220,19
6284,19
6316,19
6348,19
6380,19
6252,19
6348,19
6380,19
6508,19
6476,19
6572,19
6572,19
6572,19
6412,19
6412,19
6412,19
6380,19
6476,19
6444,19
6444,19
6380,19
6380,19
6380,19
6380,19
6572,19
6476,19
6380,19
6412,19
6508,19
6284,19
6380,19
6252,19
6124,19
6124,19
6348,19
6348,19
6476,19
6636,19
6476,19
6316,19
6124,19
6380,19
6476,19
6508,19
6348,19
6156,19
6316,19
6284,19
6092,19
5900,19
4876,19
5708,19
6092,19
5964,19
5836,19
5932,19
5964,19
5964,19
6060,19
6028,19
6060,19
5900,19
5868,19
5932,19
5932,19
5804,19
5868,19
6060,19
5996,19
5964,19
5580,19
5868,19
5836,19
5740,19
5900,19
6028,19
6124,19
6156,19
6092,19
6156,19
6060,19
6188,19
6156,19
6092,19
5964,19
6060,19
5996,19
5836,19
5740,19
5676,19
5708,19
5580,19
5548,19
5484,19
5548,19
5484,19
5548,19
5516,19
5452,19
5452,19
5516,19
5516,19
5548,19
5644,19
5260,19
5484,19
5324,19
5324,19
5356,19
5260,19
5260,19
5324,19
5196,19
5228,19
5292,19
5260,19
5292,19
5228,19
5164,19
5132,19
4940,19
5068,19
5196,19
5004,19
5036,19
5196,19
5100,19
5068,19
5196,19
5132,19
5100,19
5164,19
5100,19
5100,19
5068,19
5100,19
5164,19
5164,19
5164,19
4972,19
5004,19
5036,19
5004,19
4876,19
4876,19
4652,19
4780,19
4812,19
4812,19
4876,19
4844,19
4780,19
4812,19
4812,19
4716,19
4748,19
4812,19
4780,19
4748,19
4748,19
4812,19
4652,19
4652,19
4716,19
4876,19
4716,19
4716,19
4588,19
4652,19
4556,19
4716,19
4556,19
4524,19
4780,19
4748,19
4716,19
4780,19
4492,19
4556,19
4652,19
4556,19
4652,19
4684,19
4652,19
4620,19
4364,19
4332,19
4108,19
3980,19
4012,19
4268,19
4876,19
4812,19
4748,19
4396,19
4332,19
4268,19
4172,19
4140,19
4044,19
4012,18
7341,18
7085,18
6925,18
6861,18
6957,18
6733,18
6765,18
6733,18
6637,18
6509,18
6541,18
6637,18
6573,18
6541,18
6765,18
6669,18
6765,18
6669,18
6669,18
6797,18
6797,18
6861,18
7117,18
6701,18
7789,18
7725,18
7661,19
4172,19
4172,19
4204,19
3980,19
4044,19
4108,19
4268,19
4268,19
4332,19
4236,19
4172,19
4012,19
4236,19
4364,19
4300,19
4396,19
4300,19
4236,19
4268,19
4268,19
4332,19
4300,19
4236,19
4268,19
4140,19
4268,19
4172,19
4204,19
4268,19
4236,19
4204,19
4140,19
4140,19
4140,19
4012,18
7565,18
7501,18
7597,18
7597,19
4076,19
4076,19
4076,19
4108,19
4140,19
3980,18
7661,18
7629,18
7597,18
7565,19
4044,19
3980,19
3980,19
4076,18
7597,18
7629,18
7661,18
7629,19
4108,19
4172,19
4140,19
4076,19
4108,19
4172,19
4012,19
4044,19
4172,19
4140,19
4236,19
3948,18
7565,18
7693,18
7661,18
7597,19
4012,19
4140,19
4108,19
4108,19
4108,19
4236,19
4268,19
4172,19
4300,19
4236,19
4204,19
4236,19
4300,19
4172,19
4396,19
4108,19
4140,19
4204,19
4268,19
4300,19
4268,19
4172,19
4268,19
4204,19
4140,19
4268,19
4268,19
4108,19
4332,19
4236,19
4300,19
4076,19
4108,19
4140,19
4236,19
4332,19
4268,19
4396,19
4268,19
4268,19
4204,19
4172,19
4300,19
4332,19
4300,19
4300,19
4300,19
4588,19
3788,19
3052,18
6765,18
6893,18
7117,18
7277,18
7213,18
7053,18
7021,18
7021,18
6989,18
7053,18
6573,18
6253,18
5933,18
5869,18
5933,18
5933,18
5965,18
5901,18
5037,18
5229,18
5069,18
4941,18
5037,18
4845,18
4781,18
4941,18
4653,18
4781,18
5133,18
4909,18
5165,18
5613,18
5581,18
5389,18
5261,18
5069,18
5101,18
4941,18
4653,18
4557,18
4461,18
4493,18
4525,18
4557,18
4685,18
4685,18
4973,18
5165,18
5389,18
5325,18
5325,18
5197,18
4845,18
4909,18
4813,18
4749,18
4653,18
5101,18
5069,18
5133,18
4813,18
4973,18
5005,18
5005,18
5037,18
5037,18
4845,18
4813,18
4877,18
4845,18
4845,18
4621,18
4397,18
4365,18
4525,18
4877,18
4653,18
4781,18
4845,18
4877,18
4877,18
4845,18
4653,18
4301,18
4493,18
4557,18
4621,18
4525,18
4685,18
4717,18
4653,18
4781,18
4717,18
4685,18
4717,18
4717,18
4589,18
4621,18
4781,18
4845,18
4749,18
4781,18
4909,18
4909,18
4749,18
4653,18
4973,18
5517,18
5645,18
5709,18
5869,18
6093,18
6157,18
6253,18
6029,18
6253,18
6221,18
6157,18
6221,18
6253,18
6221,18
5997,18
5901,18
5869,18
5805,18
5741,18
5901,18
5037,18
6893,18
6861,18
6829,18
6861,18
6253,18
6989,18
6893,18
7117,18
5901,18
5453,18
7469,18
6925,18
7469,19
2380,19
3340,19
3980,19
3404,18
7757,18
8109,18
77,18
7213,19
3372,19
2828,19
2316,19
2220,18
5613,18
5901,18
5677,18
6125,18
7373,18
525,18
1933,18
685,17
6829,17
141,17
5773,17
2797,17
2541,17
4717,17
5965,17
5325,17
3917,16
4334,16
5774,16
7310,16
206,16
7950,16
7694,17
4621,17
4845,17
4941,17
4877,17
5069,17
5389,17
5453,17
5645,17
5837,17
6125,17
6093,17
5805,17
6221,17
6381,17
6413,17
6413,17
6445,17
6637,17
6797,17
6797,17
7021,17
7117,17
7181,17
7341,17
7341,17
7405,18
2093,18
2349,18
2349,18
2221,17
7789,17
7821,17
7949,17
8013,18
2637,18
2637,18
2861,18
2925,17
173,17
301,17
365,17
525,16
4206,16
4078,16
4142,16
4238,16
4238,16
4238,16
4302,16
4334,16
4462,16
4334,16
4526,16
4558,16
4718,16
4558,16
4462,16
4526,16
4622,16
4686,16
4526,16
4782,16
4814,16
4878,16
4942,16
4814,16
4974,16
4846,16
5134,16
5134,16
5134,16
5070,16
5134,16
5198,16
5070,16
5198,16
5326,16
5294,16
5294,16
5198,16
5038,16
5390,16
5390,16
5326,16
5518,16
5550,16
5582,16
5454,16
5454,16
5518,16
5486,16
5678,16
5614,16
5614,16
5646,16
5678,16
5870,16
5806,16
5870,16
5870,16
5806,16
5966,16
5966,16
5934,16
5934,16
5966,16
5998,16
5838,16
5934,16
6062,16
6030,16
6030,16
6190,16
6190,16
6126,16
6222,16
6286,16
6286,16
6190,16
6158,16
6158,16
6190,16
6158,16
6222,16
6254,16
6350,16
6318,16
6446,16
6478,16
6542,16
6542,16
6574,16
6670,16
6638,16
6734,16
6766,16
6702,16
6510,16
6542,16
6510,16
6638,16
6478,16
6574,16
6734,16
6798,16
6862,16
6926,16
6926,16
6894,16
6606,16
6542,16
6382,16
6382,16
6574,16
6606,16
6510,16
6702,16
6638,16
6766,16
6702,16
6798,16
6702,16
6766,16
6734,16
6766,16
6862,16
7022,16
6990,16
6734,16
6702,16
6734,16
6926,16
6958,16
7022,16
7022,16
7118,16
7118,16
7182,16
7342,16
7086,16
7086,16
7054,16
7150,16
7790,17
4333,17
4365,17
4173,17
4013,17
3981,17
3789,17
4493,17
4717,17
5069,17
4461,17
4013,16
7790,16
14,16
1454,16
206,15
1262,15
1198,15
1902,15
3086,14
6543,14
6223,14
5743,14
5103,14
3407,14
4239,14
3759,14
3535,14
3215,13
3952,13
4208,13
5008,13
4752,13
4912,13
5360,13
5680,13
7056,13
6832,13
6672,13
7056,13
6992,13
7056,13
6960,13
6864,13
5904,13
3376,13
3696,13
5616,13
5008,13
4399,13
5327,13
7183,14
6479,14
5199,14
3183,14
3855,14
5007,14
5743,14
6351,14
6383,14
6735,14
6671,14
6863,14
6639,14
6447,14
6607,14
6447,14
6287,14
6159,14
6127,14
6063,14
6159,14
6191,14
6159,14
6191,14
6095,14
5871,14
5807,14
5871,14
6095,14
6063,14
5999,14
5967,14
5967,14
6063,14
6031,14
6031,14
5903,14
5743,14
5775,14
5839,14
5775,14
5871,14
5679,14
5519,14
5455,14
5391,14
5551,14
5647,14
5871,14
5967,14
5615,14
5647,14
5679,14
5391,14
5423,14
5519,14
5615,14
5391,14
5327,14
5519,14
5519,14
5487,14
5391,14
5359,14
5391,14
5263,14
5391,14
5263,14
5263,14
5103,14
4815,14
4719,14
4655,14
4399,14
4239,14
4047,14
3887,13
4304,13
3888,13
3760,13
3632,13
3568,12
6992,12
6832,12
6960,12
6928,12
6864,12
6992,12
6864,12
6672,12
6640,12
6640,12
6320,12
6224,12
6288,12
6416,12
6416,12
6352,12
6320,12
6032,12
6064,12
5904,12
6192,12
6000,12
6032,12
5936,12
5968,12
6032,12
6064,12
6032,12
6000,12
6128,12
6064,12
6160,12
6128,12
6448,12
6384,12
6448,12
6448,12
6256,12
6192,12
6256,12
6128,12
6064,12
5904,12
5904,12
6064,12
6000,12
6064,12
6320,12
6384,12
6256,12
6448,12
6384,12
6512,12
6448,12
6480,12
6480,12
6480,12
6416,12
6448,12
6576,12
6544,12
6576,12
6640,12
6736,12
6736,12
6768,12
6640,12
6768,12
6640,12
6608,12
6224,12
6192,12
6736,12
7184,12
7024,12
7056,12
7024,12
6928,12
7088,12
7120,12
7600,12
7760,12
7568,13
4144,13
3856,13
3984,13
4112,13
4208,13
4080,13
4016,12
7728,12
7824,12
8048,12
7664,13
4080,13
3920,13
4080,13
4048,12
7504,12
7664,12
7760,12
7632,13
4496,13
4592,13
4592,13
4624,13
4624,13
4688,13
4624,13
4560,13
4336,13
4304,13
4368,13
4688,13
4752,13
4816,13
4912,13
4976,13
4944,13
4976,13
4880,13
5008,13
4944,13
4752,13
4912,13
4880,13
4880,13
4720,13
4784,13
4688,13
4912,13
4752,13
4848,13
4848,13
4848,13
4976,13
5008,13
5040,13
5072,13
5008,13
5200,13
5232,13
5168,13
5296,13
5296,13
5168,13
5200,13
5008,13
5168,13
5232,13
4752,13
3984,13
3376,13
3216,13
3632,12
7568,12
7408,12
560,12
1328,11
4689,11
4721,11
4977,11
4977,11
4785,11
4945,11
4785,11
4785,11
4945,11
4817,11
4945,11
4945,11
4977,11
4849,11
4785,11
4945,11
4817,11
4593,11
5521,11
5713,11
5745,11
5105,11
5617,11
3793,11
5681,11
4465,11
5265,11
6768,11
6321,11
4113,11
6481,11
5489,11
5136,11
1169,11
2193,11
2481,10
6705,10
6673,10
5905,10
4913,10
4593,10
4561,10
3025,10
6001,10
5937,10
4817,10
5393,10
4241,10
5553,10
4785,10
3729,10
4817,10
4529,10
5393,10
4945,10
4465,10
4817,10
4721,10
4753,10
4785,10
4817,10
5041,10
5073,10
5137,10
5105,10
5265,10
5393,10
5457,10
5425,10
5457,10
5265,10
5681,10
5649,10
5553,10
5681,10
5681,10
5649,10
5777,10
5617,10
5809,10
5681,10
5905,10
5809,10
5777,10
5841,10
5969,10
5905,10
5873,10
5873,10
5969,10
6001,10
6033,10
6001,10
6033,10
5937,10
6033,10
6033,10
6129,10
6001,10
6129,10
6065,10
6065,10
6161,10
6065,10
6225,10
6225,10
6193,10
6257,10
6129,10
6129,10
6257,10
6257,10
6289,10
6161,10
6129,10
6129,10
6193,10
6065,10
6033,10
6257,10
6097,10
6033,10
5937,10
6097,10
6193,10
6321,10
6129,10
6225,10
6225,10
6321,10
6417,10
6321,10
6513,10
6289,10
6193,10
6321,10
6065,10
6001,10
6225,10
5649,10
5585,10
5457,10
5329,10
5137,10
4913,10
4881,10
5105,10
5489,10
5553,10
5585,10
5585,10
5201,10
4817,10
4721,10
4817,10
4657,10
4561,10
4433,10
4337,10
4433,10
4497,10
5137,10
5297,10
5041,10
4817,10
4913,10
5041,10
4561,10
5105,10
5105,10
4561,10
4401,10
4497,10
4241,10
4081,10
4209,10
4241,10
4017,9
4434,9
4498,9
4850,9
4754,9
4722,9
4626,9
4722,9
5042,9
5138,9
5330,9
5682,9
5746,9
5714,9
5650,9
5714,9
6034,9
6066,9
5810,9
5970,9
6194,9
6418,9
6546,9
6514,9
6642,9
6898,9
6994,9
7122,9
6866,9
6738,9
6482,9
6162,9
6642,9
7186,9
7346,9
7410,9
7122,9
6802,9
6066,9
5554,9
5266,9
5042,9
4722,9
4658,9
4530,9
4210,9
4146,9
4146,9
4210,9
4594,9
5586,9
6066,9
4498,9
4562,9
3826,8
7282,8
7602,8
7698,8
7762,9
4146,9
4306,9
4210,9
4498,9
4466,9
4434,9
4402,9
4338,9
4498,9
