5879,0
6135,0
5975,0
6167,0
6199,0
6199,0
6007,0
5783,0
7831,0
7735,0
7671,0
7511,1
1975,1
1847,1
1815,1
1591,0
3735,0
3991,0
4055,0
3895,127
-4,127
-4,127
-4,127
-4,126
-4,126
-4,126
-4,126
-4,125
-4,125
-4,125
-4,125
-4,124
-4,124
-4,124
-4,124
-4,123
-4,123
-4,123
-4,123
-4,122
-4,122
-4,122
-4,122
-4,121
-4,121
-4,121
-4,121
-4,120
-4,120
-4,120
-4,120
-4,119
-4,119
-4,119
-4,119
-4,118
-4,118
-4,118
-4,118
-4,117
-4,117
-4,117
-4,117
-4,116
-4,116
-4,116
-4,116
-4,115
-4,115
-4,115
-4,115
-4,114
-4,114
-4,114
-4,114
-4,113
-4,113
-4,113
-4,113
-4,112
-4,112
-4,112
-4,112
-4,111
-4,111
-4,111
-4,111
-4,110
-4,110
-4,110
-4,110
-4,109
-4,109
-4,109
-4,109
-4,108
-4,108
-4,108
-4,108
-4,107
-4,107
-4,107
-4,107
-4,106
-4,106
-4,106
-4,106
-4,105
-4,105
-4,105
-4,105
-4,104
-4,104
-4,104
-4,104
-4,103
-4,103
-4,103
-4,103
-4,102
-4,102
-4,102
-4,102
-4,101
-4,101
-4,101
-4,101
-4,100
-4,100
-4,100
-4,100
-4,99
-4,99
-4,99
-4,99
-4,98
-4,98
-4,98
-4,98
-4,97
-4,97
-4,97
-4,97
-4,96
-4,96
-4,96
-4,96
-4,95
-4,95
-4,95
-4,95
-4,94
-4,94
-4,94
-4,94
-4,93
-4,93
-4,93
-4,93
-4,92
-4,92
-4,92
-4,92
-4,91
-4,91
-4,91
-4,91
-4,90
-4,90
-4,90
-4,90
-4,89
-4,89
-4,89
-4,89
-4,88
-4,88
-4,88
-4,88
-4,87
-4,87
-4,87
-4,87
-4,86
-4,86
-4,86
-4,86
-4,85
-4,85
-4,85
-4,85
-4,84
-4,84
-4,84
-4,84
-4,83
-4,83
-4,83
-4,83
-4,82
-4,82
-4,82
-4,82
-4,81
-4,81
-4,81
-4,81
-4,80
-4,80
-4,80
-4,80
-4,79
-4,79
-4,79
-4,79
-4,78
-4,78
-4,78
-4,78
-4,77
-4,77
-4,77
-4,77
-4,76
-4,76
-4,76
-4,76
-4,75
-4,75
-4,75
-4,75
-4,74
-4,74
-4,74
-4,74
-4,73
-4,73
-4,73
-4,73
-4,72
-4,72
-4,72
-4,72
-4,71
-4,71
-4,71
-4,71
-4,70
-4,70
-4,70
-4,70
-4,69
-4,69
-4,69
-4,69
-4,68
-4,68
-4,68
-4,68
-4,67
-4,67
-4,67
-4,67
-4,66
-4,66
-4,66
-4,66
-4,65
-4,65
-4,65
-4,65
-4,64
-4,64
-4,64
-4,64
-4,63
-4,63
-4,63
-4,63
-4,62
-4,62
-4,62
-4,62
-4,61
-4,61
-4,61
-4,61
-4,60
-4,60
-4,60
-4,60
-4,59
-4,59
-4,59
-4,59
-4,58
-4,58
-4,58
-4,58
-4,57
-4,57
-4,57
-4,57
-4,56
-4,56
-4,56
-4,56
-4,55
-4,55
-4,55
-4,55
-4,54
-4,54
-4,54
-4,54
-4,53
-4,53
-4,53
-4,53
-4,52
-4,52
-4,52
-4,52
-4,51
-4,51
-4,51
-4,51
-4,50
-4,50
-4,50
-4,50
-4,49
5980,49
6140,49
5948,49
6012,49
5948,49
6108,49
6044,49
6044,49
6012,49
5948,49
6108,49
6044,49
5884,49
5916,49
5980,49
5916,49
5980,49
5916,49
5884,49
6044,49
6140,49
5916,49
6108,49
6012,49
5980,49
5884,49
5948,49
5980,49
6044,49
5948,49
5916,49
5884,49
5916,49
5948,49
6044,49
6044,49
6204,49
6268,49
6428,49
6236,49
6268,49
6332,49
6268,49
6268,49
6300,49
6428,49
6460,49
6396,49
6428,49
6396,49
6524,49
6556,49
6460,49
6524,49
6460,49
6492,49
6492,49
6588,49
6556,49
6556,49
6492,49
6460,49
6428,49
6300,49
6300,49
6556,49
6396,49
6332,49
5948,49
6460,49
6652,49
6524,49
6492,49
6460,49
6300,49
6268,49
6300,49
6300,49
6204,49
6204,49
6236,49
6268,49
6204,49
6108,49
6236,49
6204,49
6076,49
6140,49
6044,49
6076,49
6108,49
6076,49
6076,49
6012,49
6140,49
6236,49
6044,49
6044,49
6140,49
6236,49
6076,49
6268,49
6204,49
6172,49
6332,49
732,49
5852,49
4412,49
6332,49
6236,49
5916,49
5532,49
6172,49
6140,49
6076,49
6268,49
6204,49
6268,49
6268,49
6300,49
6332,49
6236,49
6396,49
6364,49
6236,49
6396,49
6428,49
6460,49
6492,49
6556,49
6460,49
6460,49
6460,49
6524,49
6492,49
6396,49
6396,49
6396,49
6364,49
6524,49
6556,49
6652,49
6652,49
6716,49
6716,49
6812,49
6748,49
6492,49
6364,49
6492,49
6748,49
6588,49
6556,49
6396,49
6588,49
6396,49
6460,49
6588,49
6492,49
6364,49
6556,49
6588,49
6524,49
6364,49
6428,49
6428,49
6556,49
6620,49
6492,49
6364,49
6492,49
6492,49
6556,49
6556,49
6492,49
6492,49
6524,49
6492,49
6492,49
6396,49
6460,49
6492,49
6492,49
6460,49
6652,49
6748,49
6588,49
6652,49
6588,49
6556,49
6524,49
6620,49
6684,49
6620,49
6524,49
6588,49
6780,49
6748,49
6684,49
6652,49
6716,49
6684,49
6652,49
6780,49
6972,49
6908,49
6716,49
6524,49
6588,49
6908,49
7132,49
7196,49
7420,49
7292,50
-4,50
-4,50
-4,50
-4,49
7356,49
7388,49
7452,49
7420,50
-4,50
-4,50
-4,50
-4,49
7484,49
7388,49
7452,49
7260,50
-4,50
-4,50
-4,50
-4,49
7388,49
7324,49
